2015-03-14	172	60	72	0.0	7.2	0	0	0
2015-03-15	195	64	85	0.7	25.2	29	5.7	29
2015-03-16	191	61	85	0.4	19.0	52	4.5	0
2015-03-17	193	71	80	0.3	13.6	0	3.1	0
2015-03-18	188	71	80	0.2	9.1	14	6.5	0
2015-03-19	188	65	76	0.9	14.9	12	6.3	12
2015-03-20	178	73	83	0.1	12.3	41	3.3	11
2015-03-21	183	69	78	0.1	9.6	23	3.4	0
2015-03-22	183	63	76	0.0	6.8	0	8.6	0
2015-03-23	201	68	75	0.1	7.6	0	8.6	0
2015-03-24	182	73	84	0.2	13.5	0	6.5	0
2015-03-25	187	64	79	0.1	14.2	0	4.5	0
2015-03-26	178	96	94	0.4	34.0	0	0	0
2015-03-27	176	92	85	0.4	21.9	17	3.4	17
2015-03-28	180	70	82	0.1	16.3	51	3.3	11
2015-03-29	190	69	78	0.0	9.6	23	3.4	0
2015-03-30	144	73	77	0.0	3.0	0	5	0
2015-03-31	179	64	72	0.0	7.2	0	0	0
2015-04-01	197	70	80	0.1	9.1	14	6.5	0
2015-04-02	192	65	76	0.9	14.9	12	6.3	12
2015-04-03	190	70	80	0.1	16.3	71	3.3	11
2015-04-04	180	69	78	0.0	9.6	23	3.4	0
2015-04-05	186	62	76	0.0	6.8	0	8.6	0
2015-04-06	203	68	75	0.1	7.6	0	8.6	0
2015-04-07	189	73	82	0.2	18.5	0	7.5	0
2015-04-08	191	64	79	0.1	14.2	0	4.5	0
2015-04-09	188	96	97	0.4	34.0	0	0	0
2015-04-10	186	92	85	0.4	20.9	17	3.4	17
2015-04-11	190	70	80	0.1	16.3	61	3.3	11
2015-04-12	180	69	78	0.0	9.6	23	3.4	0
2015-04-13	144	73	77	0.0	3.0	0	5	0
2015-04-14	179	64	72	0.0	7.2	0	0	0
2015-04-15	199	60	85	0.7	29.2	29	5.7	29
2015-04-16	193	60	85	0.4	19.0	52	4.5	0
2015-04-17	189	71	80	0.3	13.6	0	3.1	0
2015-04-18	197	70	80	0.1	9.1	14	6.5	0
2015-04-19	188	65	76	0.9	14.9	12	6.3	12
2015-04-20	190	70	80	0.1	16.3	31	3.3	11
2015-04-21	180	69	78	0.0	9.6	23	3.4	0
2015-04-22	186	62	76	0.0	6.8	0	8.6	0
2015-04-23	203	68	75	0.1	7.6	0	8.6	0
2015-04-24	189	73	82	0.2	18.5	0	8.5	0
2015-04-25	191	64	79	0.1	14.2	0	4.5	0
2015-04-26	188	96	97	0.4	34.0	0	0	0
2015-04-27	186	92	85	0.4	20.9	17	3.4	17
2015-04-28	190	70	80	0.1	16.3	21	3.3	11
2015-04-29	180	69	78	0.0	9.6	23	3.4	0
2015-04-30	144	73	77	0.0	3.0	0	5	0
2015-05-01	179	64	72	0.0	7.2	0	0	0
2015-05-02	199	60	85	0.7	29.2	29	5.7	29
2015-05-03	193	60	85	0.4	19.0	52	4.5	0
2015-05-04	189	71	80	0.3	13.6	0	3.1	0
2015-05-05	186	62	76	0.0	6.8	0	8.6	0
2015-05-06	203	68	75	0.1	7.6	0	8.6	0
2015-05-07	189	73	82	0.2	18.5	0	7.5	0
2015-05-08	191	64	79	0.1	14.2	0	4.5	0
2015-05-09	188	96	97	0.4	34.0	0	0	0
2015-05-10	186	92	85	0.4	20.9	17	3.4	17
2015-05-11	190	70	80	0.1	16.3	41	3.3	11
2015-05-12	180	69	78	0.0	9.6	23	3.4	0
2015-05-13	144	73	77	0.0	3.0	0	5	0
2015-05-14	179	64	72	0.0	7.2	0	0	0